image: 0311.pgm
resolution: 1.000000
origin: [-200.000000, -150.000000, 0.000000]
negate: 0
occupied_thresh: 0.65
free_thresh: 0.196
