image: 3f_4.pgm
resolution: 0.050000
origin: [-32.400000, -46.800000, 0.000000]
negate: 0
occupied_thresh: 0.65
free_thresh: 0.196

