image: blank_400_300.pgm
resolution: 2.000000
origin: [-300.000000, -400.000000, 0.000000]
negate: 0
occupied_thresh: 0.65
free_thresh: 0.196
